image_width: 672
image_height: 376
camera_name: zed/left
camera_matrix:
  rows: 3
  cols: 3
  data: [349.790985, 0.000000, 356.381989, 0.000000, 349.790985, 190.363998, 0.000000, 0.000000, 1.000000]
distortion_model: plumb_bob
distortion_coefficients:
  rows: 1
  cols: 5
  data: [-0.171335, 0.027020, 0.000000, 0.000000, 0.000000]
rectification_matrix:
  rows: 3
  cols: 3
  data: [1.000000, 0.000000, 0.000000, 0.000000, 1.000000, 0.000000, 0.000000, 0.000000, 1.000000]
projection_matrix:
  rows: 3
  cols: 4
  data: [349.790985, 0.000000, 356.381989, 0.000000, 0.000000, 349.790985, 190.363998, 0.000000, 0.000000, 0.000000, 1.000000, 0.000000]
