image_width: 672
image_height: 376
camera_name: zed/right
camera_matrix:
  rows: 3
  cols: 3
  data: [350.112000, 0.000000, 349.135010, 0.000000, 350.112000, 196.824997, 0.000000, 0.000000, 1.000000]
distortion_model: plumb_bob
distortion_coefficients:
  rows: 1
  cols: 5
  data: [-0.171431, 0.026754, 0.000000, 0.000000, 0.000000]
rectification_matrix:
  rows: 3
  cols: 3
  data: [0.999831, 0.000666, 0.018346, -0.000638, 0.999999, -0.001503, -0.018347, 0.001492, 0.999831]
projection_matrix:
  rows: 3
  cols: 4
  data: [350.112000, 0.000000, 349.135010, 41.954632, 0.000000, 350.112000, 196.824997, 0.000000, 0.000000, 0.000000, 1.000000, 0.000000]
