[LEFT_CAM_2K]
cx = 1192.53
cy = 637.457
fx = 1399.17
fy = 1399.17
k1 = -0.171335
k2 = 0.0270201


[LEFT_CAM_FHD]
cx = 1048.53
cy = 556.457
fx = 1399.17
fy = 1399.17
k1 = -0.171335
k2 = 0.0270201


[LEFT_CAM_HD]
cx = 682.764
cy = 366.728
fx = 699.583
fy = 699.583
k1 = -0.171335
k2 = 0.0270201


[LEFT_CAM_VGA]
cx = 356.382
cy = 190.364
fx = 349.791
fy = 349.791
k1 = -0.171335
k2 = 0.0270201


[RIGHT_CAM_2K]
cx = 1163.54
cy = 663.302
fx = 1400.45
fy = 1400.45
k1 = -0.171431
k2 = 0.0267538


[RIGHT_CAM_FHD]
cx = 1019.54
cy = 582.302
fx = 1400.45
fy = 1400.45
k1 = -0.171431
k2 = 0.0267538


[RIGHT_CAM_HD]
cx = 668.27
cy = 379.651
fx = 700.223
fy = 700.223
k1 = -0.171431
k2 = 0.0267538


[RIGHT_CAM_VGA]
cx = 349.135
cy = 196.825
fx = 350.112
fy = 350.112
k1 = -0.171431
k2 = 0.0267538


[STEREO]
BaseLine = 119.942
CV_2K = 0.0183475
CV_FHD = 0.0183475
CV_HD = 0.0183475
CV_VGA = 0.0183475
RX_2K = 0.00149759
RX_FHD = 0.00149759
RX_HD = 0.00149759
RX_VGA = 0.00149759
RZ_2K = -0.000651922
RZ_FHD = -0.000651922
RZ_HD = -0.000651922
RZ_VGA = -0.000651922
